14
0 40 58 90 48 23 48 48 29 49 42 23 23 45
25 0 27 28 2 29 49 42 23 48 29 49 54 3
30 35 0 29 2 23 45 65 2 45 23 45 5 12
280 29 27 0 43 54 65 34 34 34 54 5 42 2
34 54 56 45 0 45 27 28 2 29 49 42 24 23
2 45 23 4 56 0 93 98 2 48 29 11 54 4
23 45 54 6 8 92 0 9 48 22 49 42 65 4
23 48 59 5 83 4 4 0 49 5 94 33 3 23
49 49 3 27 88 2 3 48 0 9 48 33 23 2
2 49 4 48 9 84 92 4 4 0 4 49 12 11
23 4 49 4 2 49 5 94 1 23 0 1 15 6
2 34 52 43 5 6 8 5 3 1 23 0 12 2
4 57 4 3 12 42 11 23 19 1 19 28 0 1
1 2 22 3 44 2 8 19 2 29 20 99 33 0
